#JOSM PicLayer plugin calibration data
#Sun Oct 05 11:21:53 ICT 2014
POSITION_Y=160.51509722804389
POSITION_X=4463.2114534994535
INITIAL_SCALE=999.999686428504

#Skew
M12=0.0
M11=1.0
M10=0.0
M02=0.0
M01=0.0
M00=1.0

#OIC config
#Thu Nov 20 23:05:00 ICT 2014 
#Translate
TNX_X=0.0
TNX_Y=-25

#Width * Height = Area
AREA=2343790
WIDTH=1445
HEIGHT=1622

#Bound map
MIN_LAT=-0.0714114
MIN_LON=0.1050419
MAX_LAT=0.0742953
MAX_LON=-0.0247647